0
0.000102564
0.000128205
0
0.000205128
0.000205128
0.000512821
0.000333333
0.000641026
0.000564103
0.000820513
0.000717949
0.000948718
0.000871795
0.00125641
0.00133333
0.00115385
0.00115385
0.00164103
0.00194872
0.00179487
0.00220513
0.00174359
0.00171795
0.00202564
0.00176923
0.00207692
0.00171795
0.00174359
0.00182051
0.00192308
0.00210256
0.00253846
0.00307692
0.00379487
0.00482051
0.00435897
0.00405128
0.00523077
0.00515385
0.00535897
0.00497436
0.00579487
0.00584615
0.00528205
0.00558974
0.0054359
0.00584615
0.00597436
0.00720513
0.00715385
0.00961538
0.00889744
0.0105897
0.0101538
0.0101026
0.00925641
0.0100769
0.00969231
0.00910256
0.00920513
0.00869231
0.00835897
0.0084359
0.00823077
0.00792308
0.0085641
0.00815385
0.00758974
0.00828205
0.00817949
0.00828205
0.00876923
0.00887179
0.00838462
0.00876923
0.00905128
0.00897436
0.00779487
0.00923077
0.00930769
0.00958974
0.00938462
0.0103846
0.0101026
0.00976923
0.0118205
0.0111026
0.0115897
0.0112308
0.0136154
0.0108974
0.0105128
0.01
0.0105128
0.011
0.0100256
0.00974359
0.00787179
0.00823077
0.00784615
0.00717949
0.00720513
0.00730769
0.00725641
0.00625641
0.00602564
0.00576923
0.0055641
0.00541026
0.00494872
0.00484615
0.00389744
0.00415385
0.00346154
0.00410256
0.00425641
0.00435897
0.00366667
0.00382051
0.00435897
0.0034359
0.00417949
0.00366667
0.00405128
0.00425641
0.00415385
0.00351282
0.00479487
0.00389744
0.00423077
0.00361538
0.00320513
0.00379487
0.0034359
0.00379487
0.00315385
0.00371795
0.00369231
0.00353846
0.00353846
0.00361538
0.00328205
0.00351282
0.00346154
0.00325641
0.00325641
0.00328205
0.00346154
0.0035641
0.00364103
0.00328205
0.0035641
0.00341026
0.00389744
0.00287179
0.00394872
0.0035641
0.00353846
0.00415385
0.00353846
0.00369231
0.00407692
0.00366667
0.00358974
0.00328205
0.00305128
0.00305128
0.0034359
0.00335897
0.00282051
0.00287179
0.00317949
0.00271795
0.00217949
0.00246154
0.00269231
0.00253846
0.00215385
0.00253846
0.00212821
0.0025641
0.0024359
0.00192308
0.00210256
0.00235897
0.00230769
0.00230769
0.00217949
0.00217949
0.00233333
0.00251282
0.00161538
0.00187179
0.00194872
0.00202564
0.00164103
0.00179487
0.00164103
0.00166667
0.00202564
0.00176923
0.000974359
0.00141026
0.0014359
0.00130769
0.00133333
0.00112821
0.00138462
0.00105128
0.000897436
0.00115385
0.000820513
0.00074359
0.000846154
0.000692308
0.00074359
0.000717949
0.000435897
0.000589744
0.000461538
0.000461538
0.000410256
0.000461538
0.000282051
0.000358974
0.000487179
0.000641026
0.000615385
0.000666667
0.000769231
0.00102564
0.00120513
0.00141026
0.00146154
0.000692308
0.00130769
0.000435897
0.000153846
0.000128205
0
0
2.5641e-05
2.5641e-05
2.5641e-05
2.5641e-05
2.5641e-05
0.000205128
0.000487179
0.000692308
0.000666667
0.00107692
0.001
0.00110256
0.00102564
0.00376923
