0
0.000102564
0.000230769
0.000230769
0.000435897
0.000641026
0.00115385
0.00148718
0.00212821
0.00269231
0.00351282
0.00423077
0.00517949
0.00605128
0.00730769
0.00864103
0.00979487
0.0109487
0.0125897
0.0145385
0.0163333
0.0185385
0.0202821
0.022
0.0240256
0.0257949
0.0278718
0.0295897
0.0313333
0.0331538
0.0350769
0.0371795
0.0397179
0.0427949
0.0465897
0.0514103
0.0557692
0.0598205
0.0650513
0.0702051
0.0755641
0.0805385
0.0863333
0.0921795
0.0974615
0.103051
0.108487
0.114333
0.120308
0.127513
0.134667
0.144282
0.153179
0.163769
0.173923
0.184026
0.193282
0.203359
0.213051
0.222154
0.231359
0.240051
0.24841
0.256846
0.265077
0.273
0.281564
0.289718
0.297308
0.30559
0.313769
0.322051
0.330821
0.339692
0.348077
0.356846
0.365897
0.374872
0.382667
0.391897
0.401205
0.410795
0.420179
0.430564
0.440667
0.450436
0.462256
0.473359
0.484949
0.496179
0.509795
0.520692
0.531205
0.541205
0.551718
0.562718
0.572744
0.582487
0.590359
0.59859
0.606436
0.613615
0.620821
0.628128
0.635385
0.641641
0.647667
0.653436
0.659
0.66441
0.669359
0.674205
0.678103
0.682256
0.685718
0.689821
0.694077
0.698436
0.702103
0.705923
0.710282
0.713718
0.717897
0.721564
0.725615
0.729872
0.734026
0.737538
0.742333
0.746231
0.750462
0.754077
0.757282
0.761077
0.764513
0.768308
0.771462
0.775179
0.778872
0.78241
0.785949
0.789564
0.792846
0.796359
0.799821
0.803077
0.806333
0.809615
0.813077
0.816641
0.820282
0.823564
0.827128
0.830538
0.834436
0.837308
0.841256
0.844821
0.848359
0.852513
0.856051
0.859744
0.863821
0.867487
0.871077
0.874359
0.87741
0.880462
0.883897
0.887256
0.890077
0.892949
0.896128
0.898846
0.901026
0.903487
0.906179
0.908718
0.910872
0.91341
0.915538
0.918103
0.920538
0.922462
0.924564
0.926923
0.929231
0.931538
0.933718
0.935897
0.938231
0.940744
0.942359
0.944231
0.946179
0.948205
0.949846
0.951641
0.953282
0.954949
0.956974
0.958744
0.959718
0.961128
0.962564
0.963872
0.965205
0.966333
0.967718
0.968769
0.969667
0.970821
0.971641
0.972385
0.973231
0.973923
0.974667
0.975385
0.975821
0.97641
0.976872
0.977333
0.977744
0.978205
0.978487
0.978846
0.979333
0.979974
0.98059
0.981256
0.982026
0.983051
0.984256
0.985667
0.987128
0.987821
0.989128
0.989564
0.989718
0.989846
0.989846
0.989846
0.989872
0.989897
0.989923
0.989949
0.989974
0.990179
0.990667
0.991359
0.992026
0.993103
0.994103
0.995205
0.996231
1
