0
0
0
0
0
0
0
0
0
0
0
1
1
1
1
2
2
2
3
3
3
4
4
5
5
6
6
7
7
7
8
8
9
10
11
12
13
14
15
16
18
19
20
22
23
24
26
27
28
30
32
34
36
39
41
44
46
48
51
53
55
57
59
61
63
65
67
69
71
73
75
77
79
81
83
85
87
89
91
94
96
98
100
103
105
108
110
113
116
119
122
124
127
129
132
135
137
139
141
143
145
147
148
150
152
153
155
156
158
159
160
161
162
163
164
165
166
167
168
169
170
171
172
173
174
175
176
177
178
179
180
180
181
182
183
184
185
186
186
187
188
189
190
191
191
192
193
194
195
195
196
197
198
199
200
200
201
202
203
204
205
206
207
208
209
209
210
211
212
212
213
214
215
215
216
216
217
218
218
219
219
220
220
221
221
222
223
223
224
224
225
225
226
226
227
227
227
228
228
229
229
230
230
230
231
231
231
231
232
232
232
232
233
233
233
233
233
234
234
234
234
234
234
234
234
234
235
235
235
235
235
235
236
236
236
237
237
237
237
237
237
237
237
237
237
237
237
237
237
237
238
238
238
238
239
240
