0
4
5
0
8
8
20
13
25
22
32
28
37
34
49
52
45
45
64
76
70
86
68
67
79
69
81
67
68
71
75
82
99
120
148
188
170
158
204
201
209
194
226
228
206
218
212
228
233
281
279
375
347
413
396
394
361
393
378
355
359
339
326
329
321
309
334
318
296
323
319
323
342
346
327
342
353
350
304
360
363
374
366
405
394
381
461
433
452
438
531
425
410
390
410
429
391
380
307
321
306
280
281
285
283
244
235
225
217
211
193
189
152
162
135
160
166
170
143
149
170
134
163
143
158
166
162
137
187
152
165
141
125
148
134
148
123
145
144
138
138
141
128
137
135
127
127
128
135
139
142
128
139
133
152
112
154
139
138
162
138
144
159
143
140
128
119
119
134
131
110
112
124
106
85
96
105
99
84
99
83
100
95
75
82
92
90
90
85
85
91
98
63
73
76
79
64
70
64
65
79
69
38
55
56
51
52
44
54
41
35
45
32
29
33
27
29
28
17
23
18
18
16
18
11
14
19
25
24
26
30
40
47
55
57
27
51
17
6
5
0
0
1
1
1
1
1
8
19
27
26
42
39
43
40
147
